 in scattering, lw = 
  900000000
 in disc_init, norder = 
          6
 in disc_init, npoly = 
         28
 in disc_init, nquad = 
         32
 in radial_init, rs = 
   0.10000E-06   0.10000E-04   0.10000E-04   0.10000E-02   0.10000E-02   0.10000E+00   0.10000E+00   0.20000E+00
   0.20000E+00   0.40000E+00   0.40000E+00   0.60000E+00   0.60000E+00   0.80000E+00   0.80000E+00   0.10000E+01
 in radial_init, ts = 
   0.10000E-06   0.10000E-04   0.10000E-04   0.10000E-02   0.10000E-02   0.10000E+00   0.10000E+00   0.50000E+00
   0.50000E+00   0.10000E+01   0.10000E+01   0.15000E+01   0.15000E+01   0.20000E+01   0.20000E+01   0.25000E+01
   0.25000E+01   0.30000E+01   0.30000E+01   0.31400E+01   0.31400E+01   0.31416E+01
 in disc_init, maxtris = 
    2105861
 total # of triangles ntris = 
         32
 total # of nodes n = 
       1024
 disc structure size (in MB) = 
   0.16092E+01
 in octree, maxboxes = 
   29972079
 in octree, nlevels = 
          2
 in octree, nboxes = 
          9
 octree time = 
   0.00000E+00
 in scattering_matrix, nlevels = 
          2
 in scattering_matrix, nregions = 
          3
 in scattering_matrix, level = 
          2
 in scattering_matrix, nn = 
          2
 in scattering_matrix, iregion = 
          2
 in scattering_matrix, nidxs = 
        512
 in scattering_matrix, idxs = 
          1          2          3          4          5          6          7          8          9         10
         11         12         13         14         15         16         17         18         19         20
         21         22         23         24         25         26         27         28         29         30
         31         32         33         34         35         36         37         38         39         40
         41         42         43         44         45         46         47         48         49         50
         51         52         53         54         55         56         57         58         59         60
         61         62         63         64         65         66         67         68         69         70
         71         72         73         74         75         76         77         78         79         80
         81         82         83         84         85         86         87         88         89         90
         91         92         93         94         95         96         97         98         99        100
        101        102        103        104        105        106        107        108        109        110
        111        112        113        114        115        116        117        118        119        120
        121        122        123        124        125        126        127        128        129        130
        131        132        133        134        135        136        137        138        139        140
        141        142        143        144        145        146        147        148        149        150
        151        152        153        154        155        156        157        158        159        160
        161        162        163        164        165        166        167        168        169        170
        171        172        173        174        175        176        177        178        179        180
        181        182        183        184        185        186        187        188        189        190
        191        192        193        194        195        196        197        198        199        200
        201        202        203        204        205        206        207        208        209        210
        211        212        213        214        215        216        217        218        219        220
        221        222        223        224        225        226        227        228        229        230
        231        232        233        234        235        236        237        238        239        240
        241        242        243        244        245        246        247        248        249        250
        251        252        253        254        255        256        257        258        259        260
        261        262        263        264        265        266        267        268        269        270
        271        272        273        274        275        276        277        278        279        280
        281        282        283        284        285        286        287        288        289        290
        291        292        293        294        295        296        297        298        299        300
        301        302        303        304        305        306        307        308        309        310
        311        312        313        314        315        316        317        318        319        320
        321        322        323        324        325        326        327        328        329        330
        331        332        333        334        335        336        337        338        339        340
        341        342        343        344        345        346        347        348        349        350
        351        352        353        354        355        356        357        358        359        360
        361        362        363        364        365        366        367        368        369        370
        371        372        373        374        375        376        377        378        379        380
        381        382        383        384        385        386        387        388        389        390
        391        392        393        394        395        396        397        398        399        400
        401        402        403        404        405        406        407        408        409        410
        411        412        413        414        415        416        417        418        419        420
        421        422        423        424        425        426        427        428        429        430
        431        432        433        434        435        436        437        438        439        440
        441        442        443        444        445        446        447        448        449        450
        451        452        453        454        455        456        457        458        459        460
        461        462        463        464        465        466        467        468        469        470
        471        472        473        474        475        476        477        478        479        480
        481        482        483        484        485        486        487        488        489        490
        491        492        493        494        495        496        497        498        499        500
        501        502        503        504        505        506        507        508        509        510
        511        512
 naux = 
          0
 in scattering_matrix, iregion = 
          3
 in scattering_matrix, nidxs = 
        512
 in scattering_matrix, idxs = 
        513        514        515        516        517        518        519        520        521        522
        523        524        525        526        527        528        529        530        531        532
        533        534        535        536        537        538        539        540        541        542
        543        544        545        546        547        548        549        550        551        552
        553        554        555        556        557        558        559        560        561        562
        563        564        565        566        567        568        569        570        571        572
        573        574        575        576        577        578        579        580        581        582
        583        584        585        586        587        588        589        590        591        592
        593        594        595        596        597        598        599        600        601        602
        603        604        605        606        607        608        609        610        611        612
        613        614        615        616        617        618        619        620        621        622
        623        624        625        626        627        628        629        630        631        632
        633        634        635        636        637        638        639        640        641        642
        643        644        645        646        647        648        649        650        651        652
        653        654        655        656        657        658        659        660        661        662
        663        664        665        666        667        668        669        670        671        672
        673        674        675        676        677        678        679        680        681        682
        683        684        685        686        687        688        689        690        691        692
        693        694        695        696        697        698        699        700        701        702
        703        704        705        706        707        708        709        710        711        712
        713        714        715        716        717        718        719        720        721        722
        723        724        725        726        727        728        729        730        731        732
        733        734        735        736        737        738        739        740        741        742
        743        744        745        746        747        748        749        750        751        752
        753        754        755        756        757        758        759        760        761        762
        763        764        765        766        767        768        769        770        771        772
        773        774        775        776        777        778        779        780        781        782
        783        784        785        786        787        788        789        790        791        792
        793        794        795        796        797        798        799        800        801        802
        803        804        805        806        807        808        809        810        811        812
        813        814        815        816        817        818        819        820        821        822
        823        824        825        826        827        828        829        830        831        832
        833        834        835        836        837        838        839        840        841        842
        843        844        845        846        847        848        849        850        851        852
        853        854        855        856        857        858        859        860        861        862
        863        864        865        866        867        868        869        870        871        872
        873        874        875        876        877        878        879        880        881        882
        883        884        885        886        887        888        889        890        891        892
        893        894        895        896        897        898        899        900        901        902
        903        904        905        906        907        908        909        910        911        912
        913        914        915        916        917        918        919        920        921        922
        923        924        925        926        927        928        929        930        931        932
        933        934        935        936        937        938        939        940        941        942
        943        944        945        946        947        948        949        950        951        952
        953        954        955        956        957        958        959        960        961        962
        963        964        965        966        967        968        969        970        971        972
        973        974        975        976        977        978        979        980        981        982
        983        984        985        986        987        988        989        990        991        992
        993        994        995        996        997        998        999       1000       1001       1002
       1003       1004       1005       1006       1007       1008       1009       1010       1011       1012
       1013       1014       1015       1016       1017       1018       1019       1020       1021       1022
       1023       1024
 naux = 
          0

 --------------------------
 in scattering_matrix, ilevel = 
          1
 in scattering_matrix, iregion = 
          1
 in scattering_matrix, children = 
          2          3
 idxsin = 
          1          2          3          4          5          6          7          8          9         10
         11         12         13         14         15         16         17         18         19         20
         21         22         23         24         25         26         27         28         29         30
         31         32         33         34         35         36         37         38         39         40
         41         42         43         44         45         46         47         48         49         50
         51         52         53         54         55         56         57         58         59         60
         61         62         63         64         65         66         67         68         69         70
         71         72         73         74         75         76         77         78         79         80
         81         82         83         84         85         86         87         88         89         90
         91         92         93         94         95         96         97         98         99        100
        101        102        103        104        105        106        107        108        109        110
        111        112        113        114        115        116        117        118        119        120
        121        122        123        124        125        126        127        128        129        130
        131        132        133        134        135        136        137        138        139        140
        141        142        143        144        145        146        147        148        149        150
        151        152        153        154        155        156        157        158        159        160
        161        162        163        164        165        166        167        168        169        170
        171        172        173        174        175        176        177        178        179        180
        181        182        183        184        185        186        187        188        189        190
        191        192        193        194        195        196        197        198        199        200
        201        202        203        204        205        206        207        208        209        210
        211        212        213        214        215        216        217        218        219        220
        221        222        223        224        225        226        227        228        229        230
        231        232        233        234        235        236        237        238        239        240
        241        242        243        244        245        246        247        248        249        250
        251        252        253        254        255        256        257        258        259        260
        261        262        263        264        265        266        267        268        269        270
        271        272        273        274        275        276        277        278        279        280
        281        282        283        284        285        286        287        288        289        290
        291        292        293        294        295        296        297        298        299        300
        301        302        303        304        305        306        307        308        309        310
        311        312        313        314        315        316        317        318        319        320
        321        322        323        324        325        326        327        328        329        330
        331        332        333        334        335        336        337        338        339        340
        341        342        343        344        345        346        347        348        349        350
        351        352        353        354        355        356        357        358        359        360
        361        362        363        364        365        366        367        368        369        370
        371        372        373        374        375        376        377        378        379        380
        381        382        383        384        385        386        387        388        389        390
        391        392        393        394        395        396        397        398        399        400
        401        402        403        404        405        406        407        408        409        410
        411        412        413        414        415        416        417        418        419        420
        421        422        423        424        425        426        427        428        429        430
        431        432        433        434        435        436        437        438        439        440
        441        442        443        444        445        446        447        448        449        450
        451        452        453        454        455        456        457        458        459        460
        461        462        463        464        465        466        467        468        469        470
        471        472        473        474        475        476        477        478        479        480
        481        482        483        484        485        486        487        488        489        490
        491        492        493        494        495        496        497        498        499        500
        501        502        503        504        505        506        507        508        509        510
        511        512        513        514        515        516        517        518        519        520
        521        522        523        524        525        526        527        528        529        530
        531        532        533        534        535        536        537        538        539        540
        541        542        543        544        545        546        547        548        549        550
        551        552        553        554        555        556        557        558        559        560
        561        562        563        564        565        566        567        568        569        570
        571        572        573        574        575        576        577        578        579        580
        581        582        583        584        585        586        587        588        589        590
        591        592        593        594        595        596        597        598        599        600
        601        602        603        604        605        606        607        608        609        610
        611        612        613        614        615        616        617        618        619        620
        621        622        623        624        625        626        627        628        629        630
        631        632        633        634        635        636        637        638        639        640
        641        642        643        644        645        646        647        648        649        650
        651        652        653        654        655        656        657        658        659        660
        661        662        663        664        665        666        667        668        669        670
        671        672        673        674        675        676        677        678        679        680
        681        682        683        684        685        686        687        688        689        690
        691        692        693        694        695        696        697        698        699        700
        701        702        703        704        705        706        707        708        709        710
        711        712        713        714        715        716        717        718        719        720
        721        722        723        724        725        726        727        728        729        730
        731        732        733        734        735        736        737        738        739        740
        741        742        743        744        745        746        747        748        749        750
        751        752        753        754        755        756        757        758        759        760
        761        762        763        764        765        766        767        768        769        770
        771        772        773        774        775        776        777        778        779        780
        781        782        783        784        785        786        787        788        789        790
        791        792        793        794        795        796        797        798        799        800
        801        802        803        804        805        806        807        808        809        810
        811        812        813        814        815        816        817        818        819        820
        821        822        823        824        825        826        827        828        829        830
        831        832        833        834        835        836        837        838        839        840
        841        842        843        844        845        846        847        848        849        850
        851        852        853        854        855        856        857        858        859        860
        861        862        863        864        865        866        867        868        869        870
        871        872        873        874        875        876        877        878        879        880
        881        882        883        884        885        886        887        888        889        890
        891        892        893        894        895        896        897        898        899        900
        901        902        903        904        905        906        907        908        909        910
        911        912        913        914        915        916        917        918        919        920
        921        922        923        924        925        926        927        928        929        930
        931        932        933        934        935        936        937        938        939        940
        941        942        943        944        945        946        947        948        949        950
        951        952        953        954        955        956        957        958        959        960
        961        962        963        964        965        966        967        968        969        970
        971        972        973        974        975        976        977        978        979        980
        981        982        983        984        985        986        987        988        989        990
        991        992        993        994        995        996        997        998        999       1000
       1001       1002       1003       1004       1005       1006       1007       1008       1009       1010
       1011       1012       1013       1014       1015       1016       1017       1018       1019       1020
       1021       1022       1023       1024
 idxsout = 
          1          2          3          4          5          6          7          8          9         10
         11         12         13         14         15         16         17         18         19         20
         21         22         23         24         25         26         27         28         29         30
         31         32         33         34         35         36         37         38         39         40
         41         42         43         44         45         46         47         48         49         50
         51         52         53         54         55         56         57         58         59         60
         61         62         63         64         65         66         67         68         69         70
         71         72         73         74         75         76         77         78         79         80
         81         82         83         84         85         86         87         88         89         90
         91         92         93         94         95         96         97         98         99        100
        101        102        103        104        105        106        107        108        109        110
        111        112        113        114        115        116        117        118        119        120
        121        122        123        124        125        126        127        128        129        130
        131        132        133        134        135        136        137        138        139        140
        141        142        143        144        145        146        147        148        149        150
        151        152        153        154        155        156        157        158        159        160
        161        162        163        164        165        166        167        168        169        170
        171        172        173        174        175        176        177        178        179        180
        181        182        183        184        185        186        187        188        189        190
        191        192        193        194        195        196        197        198        199        200
        201        202        203        204        205        206        207        208        209        210
        211        212        213        214        215        216        217        218        219        220
        221        222        223        224        225        226        227        228        229        230
        231        232        233        234        235        236        237        238        239        240
        241        242        243        244        245        246        247        248        249        250
        251        252        253        254        255        256        257        258        259        260
        261        262        263        264        265        266        267        268        269        270
        271        272        273        274        275        276        277        278        279        280
        281        282        283        284        285        286        287        288        289        290
        291        292        293        294        295        296        297        298        299        300
        301        302        303        304        305        306        307        308        309        310
        311        312        313        314        315        316        317        318        319        320
        321        322        323        324        325        326        327        328        329        330
        331        332        333        334        335        336        337        338        339        340
        341        342        343        344        345        346        347        348        349        350
        351        352        353        354        355        356        357        358        359        360
        361        362        363        364        365        366        367        368        369        370
        371        372        373        374        375        376        377        378        379        380
        381        382        383        384        385        386        387        388        389        390
        391        392        393        394        395        396        397        398        399        400
        401        402        403        404        405        406        407        408        409        410
        411        412        413        414        415        416        417        418        419        420
        421        422        423        424        425        426        427        428        429        430
        431        432        433        434        435        436        437        438        439        440
        441        442        443        444        445        446        447        448        449        450
        451        452        453        454        455        456        457        458        459        460
        461        462        463        464        465        466        467        468        469        470
        471        472        473        474        475        476        477        478        479        480
        481        482        483        484        485        486        487        488        489        490
        491        492        493        494        495        496        497        498        499        500
        501        502        503        504        505        506        507        508        509        510
        511        512        513        514        515        516        517        518        519        520
        521        522        523        524        525        526        527        528        529        530
        531        532        533        534        535        536        537        538        539        540
        541        542        543        544        545        546        547        548        549        550
        551        552        553        554        555        556        557        558        559        560
        561        562        563        564        565        566        567        568        569        570
        571        572        573        574        575        576        577        578        579        580
        581        582        583        584        585        586        587        588        589        590
        591        592        593        594        595        596        597        598        599        600
        601        602        603        604        605        606        607        608        609        610
        611        612        613        614        615        616        617        618        619        620
        621        622        623        624        625        626        627        628        629        630
        631        632        633        634        635        636        637        638        639        640
        641        642        643        644        645        646        647        648        649        650
        651        652        653        654        655        656        657        658        659        660
        661        662        663        664        665        666        667        668        669        670
        671        672        673        674        675        676        677        678        679        680
        681        682        683        684        685        686        687        688        689        690
        691        692        693        694        695        696        697        698        699        700
        701        702        703        704        705        706        707        708        709        710
        711        712        713        714        715        716        717        718        719        720
        721        722        723        724        725        726        727        728        729        730
        731        732        733        734        735        736        737        738        739        740
        741        742        743        744        745        746        747        748        749        750
        751        752        753        754        755        756        757        758        759        760
        761        762        763        764        765        766        767        768        769        770
        771        772        773        774        775        776        777        778        779        780
        781        782        783        784        785        786        787        788        789        790
        791        792        793        794        795        796        797        798        799        800
        801        802        803        804        805        806        807        808        809        810
        811        812        813        814        815        816        817        818        819        820
        821        822        823        824        825        826        827        828        829        830
        831        832        833        834        835        836        837        838        839        840
        841        842        843        844        845        846        847        848        849        850
        851        852        853        854        855        856        857        858        859        860
        861        862        863        864        865        866        867        868        869        870
        871        872        873        874        875        876        877        878        879        880
        881        882        883        884        885        886        887        888        889        890
        891        892        893        894        895        896        897        898        899        900
        901        902        903        904        905        906        907        908        909        910
        911        912        913        914        915        916        917        918        919        920
        921        922        923        924        925        926        927        928        929        930
        931        932        933        934        935        936        937        938        939        940
        941        942        943        944        945        946        947        948        949        950
        951        952        953        954        955        956        957        958        959        960
        961        962        963        964        965        966        967        968        969        970
        971        972        973        974        975        976        977        978        979        980
        981        982        983        984        985        986        987        988        989        990
        991        992        993        994        995        996        997        998        999       1000
       1001       1002       1003       1004       1005       1006       1007       1008       1009       1010
       1011       1012       1013       1014       1015       1016       1017       1018       1019       1020
       1021       1022       1023       1024
 nnearsrcs = 
          0
 inearsrcs = 

 nneartars = 
          0
 ineartars = 

 naux = 
          0
 in scattering_combine, nidxsin = 
       1024
 idxsin = 
          1          2          3          4          5          6          7          8          9         10
         11         12         13         14         15         16         17         18         19         20
         21         22         23         24         25         26         27         28         29         30
         31         32         33         34         35         36         37         38         39         40
         41         42         43         44         45         46         47         48         49         50
         51         52         53         54         55         56         57         58         59         60
         61         62         63         64         65         66         67         68         69         70
         71         72         73         74         75         76         77         78         79         80
         81         82         83         84         85         86         87         88         89         90
         91         92         93         94         95         96         97         98         99        100
        101        102        103        104        105        106        107        108        109        110
        111        112        113        114        115        116        117        118        119        120
        121        122        123        124        125        126        127        128        129        130
        131        132        133        134        135        136        137        138        139        140
        141        142        143        144        145        146        147        148        149        150
        151        152        153        154        155        156        157        158        159        160
        161        162        163        164        165        166        167        168        169        170
        171        172        173        174        175        176        177        178        179        180
        181        182        183        184        185        186        187        188        189        190
        191        192        193        194        195        196        197        198        199        200
        201        202        203        204        205        206        207        208        209        210
        211        212        213        214        215        216        217        218        219        220
        221        222        223        224        225        226        227        228        229        230
        231        232        233        234        235        236        237        238        239        240
        241        242        243        244        245        246        247        248        249        250
        251        252        253        254        255        256        257        258        259        260
        261        262        263        264        265        266        267        268        269        270
        271        272        273        274        275        276        277        278        279        280
        281        282        283        284        285        286        287        288        289        290
        291        292        293        294        295        296        297        298        299        300
        301        302        303        304        305        306        307        308        309        310
        311        312        313        314        315        316        317        318        319        320
        321        322        323        324        325        326        327        328        329        330
        331        332        333        334        335        336        337        338        339        340
        341        342        343        344        345        346        347        348        349        350
        351        352        353        354        355        356        357        358        359        360
        361        362        363        364        365        366        367        368        369        370
        371        372        373        374        375        376        377        378        379        380
        381        382        383        384        385        386        387        388        389        390
        391        392        393        394        395        396        397        398        399        400
        401        402        403        404        405        406        407        408        409        410
        411        412        413        414        415        416        417        418        419        420
        421        422        423        424        425        426        427        428        429        430
        431        432        433        434        435        436        437        438        439        440
        441        442        443        444        445        446        447        448        449        450
        451        452        453        454        455        456        457        458        459        460
        461        462        463        464        465        466        467        468        469        470
        471        472        473        474        475        476        477        478        479        480
        481        482        483        484        485        486        487        488        489        490
        491        492        493        494        495        496        497        498        499        500
        501        502        503        504        505        506        507        508        509        510
        511        512        513        514        515        516        517        518        519        520
        521        522        523        524        525        526        527        528        529        530
        531        532        533        534        535        536        537        538        539        540
        541        542        543        544        545        546        547        548        549        550
        551        552        553        554        555        556        557        558        559        560
        561        562        563        564        565        566        567        568        569        570
        571        572        573        574        575        576        577        578        579        580
        581        582        583        584        585        586        587        588        589        590
        591        592        593        594        595        596        597        598        599        600
        601        602        603        604        605        606        607        608        609        610
        611        612        613        614        615        616        617        618        619        620
        621        622        623        624        625        626        627        628        629        630
        631        632        633        634        635        636        637        638        639        640
        641        642        643        644        645        646        647        648        649        650
        651        652        653        654        655        656        657        658        659        660
        661        662        663        664        665        666        667        668        669        670
        671        672        673        674        675        676        677        678        679        680
        681        682        683        684        685        686        687        688        689        690
        691        692        693        694        695        696        697        698        699        700
        701        702        703        704        705        706        707        708        709        710
        711        712        713        714        715        716        717        718        719        720
        721        722        723        724        725        726        727        728        729        730
        731        732        733        734        735        736        737        738        739        740
        741        742        743        744        745        746        747        748        749        750
        751        752        753        754        755        756        757        758        759        760
        761        762        763        764        765        766        767        768        769        770
        771        772        773        774        775        776        777        778        779        780
        781        782        783        784        785        786        787        788        789        790
        791        792        793        794        795        796        797        798        799        800
        801        802        803        804        805        806        807        808        809        810
        811        812        813        814        815        816        817        818        819        820
        821        822        823        824        825        826        827        828        829        830
        831        832        833        834        835        836        837        838        839        840
        841        842        843        844        845        846        847        848        849        850
        851        852        853        854        855        856        857        858        859        860
        861        862        863        864        865        866        867        868        869        870
        871        872        873        874        875        876        877        878        879        880
        881        882        883        884        885        886        887        888        889        890
        891        892        893        894        895        896        897        898        899        900
        901        902        903        904        905        906        907        908        909        910
        911        912        913        914        915        916        917        918        919        920
        921        922        923        924        925        926        927        928        929        930
        931        932        933        934        935        936        937        938        939        940
        941        942        943        944        945        946        947        948        949        950
        951        952        953        954        955        956        957        958        959        960
        961        962        963        964        965        966        967        968        969        970
        971        972        973        974        975        976        977        978        979        980
        981        982        983        984        985        986        987        988        989        990
        991        992        993        994        995        996        997        998        999       1000
       1001       1002       1003       1004       1005       1006       1007       1008       1009       1010
       1011       1012       1013       1014       1015       1016       1017       1018       1019       1020
       1021       1022       1023       1024
 in scattering_combine, nidxsout = 
       1024
 idxsout = 
          1          2          3          4          5          6          7          8          9         10
         11         12         13         14         15         16         17         18         19         20
         21         22         23         24         25         26         27         28         29         30
         31         32         33         34         35         36         37         38         39         40
         41         42         43         44         45         46         47         48         49         50
         51         52         53         54         55         56         57         58         59         60
         61         62         63         64         65         66         67         68         69         70
         71         72         73         74         75         76         77         78         79         80
         81         82         83         84         85         86         87         88         89         90
         91         92         93         94         95         96         97         98         99        100
        101        102        103        104        105        106        107        108        109        110
        111        112        113        114        115        116        117        118        119        120
        121        122        123        124        125        126        127        128        129        130
        131        132        133        134        135        136        137        138        139        140
        141        142        143        144        145        146        147        148        149        150
        151        152        153        154        155        156        157        158        159        160
        161        162        163        164        165        166        167        168        169        170
        171        172        173        174        175        176        177        178        179        180
        181        182        183        184        185        186        187        188        189        190
        191        192        193        194        195        196        197        198        199        200
        201        202        203        204        205        206        207        208        209        210
        211        212        213        214        215        216        217        218        219        220
        221        222        223        224        225        226        227        228        229        230
        231        232        233        234        235        236        237        238        239        240
        241        242        243        244        245        246        247        248        249        250
        251        252        253        254        255        256        257        258        259        260
        261        262        263        264        265        266        267        268        269        270
        271        272        273        274        275        276        277        278        279        280
        281        282        283        284        285        286        287        288        289        290
        291        292        293        294        295        296        297        298        299        300
        301        302        303        304        305        306        307        308        309        310
        311        312        313        314        315        316        317        318        319        320
        321        322        323        324        325        326        327        328        329        330
        331        332        333        334        335        336        337        338        339        340
        341        342        343        344        345        346        347        348        349        350
        351        352        353        354        355        356        357        358        359        360
        361        362        363        364        365        366        367        368        369        370
        371        372        373        374        375        376        377        378        379        380
        381        382        383        384        385        386        387        388        389        390
        391        392        393        394        395        396        397        398        399        400
        401        402        403        404        405        406        407        408        409        410
        411        412        413        414        415        416        417        418        419        420
        421        422        423        424        425        426        427        428        429        430
        431        432        433        434        435        436        437        438        439        440
        441        442        443        444        445        446        447        448        449        450
        451        452        453        454        455        456        457        458        459        460
        461        462        463        464        465        466        467        468        469        470
        471        472        473        474        475        476        477        478        479        480
        481        482        483        484        485        486        487        488        489        490
        491        492        493        494        495        496        497        498        499        500
        501        502        503        504        505        506        507        508        509        510
        511        512        513        514        515        516        517        518        519        520
        521        522        523        524        525        526        527        528        529        530
        531        532        533        534        535        536        537        538        539        540
        541        542        543        544        545        546        547        548        549        550
        551        552        553        554        555        556        557        558        559        560
        561        562        563        564        565        566        567        568        569        570
        571        572        573        574        575        576        577        578        579        580
        581        582        583        584        585        586        587        588        589        590
        591        592        593        594        595        596        597        598        599        600
        601        602        603        604        605        606        607        608        609        610
        611        612        613        614        615        616        617        618        619        620
        621        622        623        624        625        626        627        628        629        630
        631        632        633        634        635        636        637        638        639        640
        641        642        643        644        645        646        647        648        649        650
        651        652        653        654        655        656        657        658        659        660
        661        662        663        664        665        666        667        668        669        670
        671        672        673        674        675        676        677        678        679        680
        681        682        683        684        685        686        687        688        689        690
        691        692        693        694        695        696        697        698        699        700
        701        702        703        704        705        706        707        708        709        710
        711        712        713        714        715        716        717        718        719        720
        721        722        723        724        725        726        727        728        729        730
        731        732        733        734        735        736        737        738        739        740
        741        742        743        744        745        746        747        748        749        750
        751        752        753        754        755        756        757        758        759        760
        761        762        763        764        765        766        767        768        769        770
        771        772        773        774        775        776        777        778        779        780
        781        782        783        784        785        786        787        788        789        790
        791        792        793        794        795        796        797        798        799        800
        801        802        803        804        805        806        807        808        809        810
        811        812        813        814        815        816        817        818        819        820
        821        822        823        824        825        826        827        828        829        830
        831        832        833        834        835        836        837        838        839        840
        841        842        843        844        845        846        847        848        849        850
        851        852        853        854        855        856        857        858        859        860
        861        862        863        864        865        866        867        868        869        870
        871        872        873        874        875        876        877        878        879        880
        881        882        883        884        885        886        887        888        889        890
        891        892        893        894        895        896        897        898        899        900
        901        902        903        904        905        906        907        908        909        910
        911        912        913        914        915        916        917        918        919        920
        921        922        923        924        925        926        927        928        929        930
        931        932        933        934        935        936        937        938        939        940
        941        942        943        944        945        946        947        948        949        950
        951        952        953        954        955        956        957        958        959        960
        961        962        963        964        965        966        967        968        969        970
        971        972        973        974        975        976        977        978        979        980
        981        982        983        984        985        986        987        988        989        990
        991        992        993        994        995        996        997        998        999       1000
       1001       1002       1003       1004       1005       1006       1007       1008       1009       1010
       1011       1012       1013       1014       1015       1016       1017       1018       1019       1020
       1021       1022       1023       1024
 after lapack_invert, ier = 
          0
 in factor_right, krank = 
         10
 in factor_right, rnorms = 
   0.13889E-02   0.45146E-06   0.25795E-06   0.90798E-07   0.16060E-09   0.64178E-10   0.49846E-10   0.46698E-10
   0.19512E-10   0.26303E-13
 in factor_right, krank = 
         89
 in factor_right, rnorms = 
   0.94874E-02   0.16731E-02   0.10719E-02   0.99144E-03   0.23668E-03   0.21064E-03   0.13011E-03   0.12617E-03
   0.65718E-04   0.27044E-04   0.21376E-04   0.17544E-04   0.13326E-04   0.11895E-04   0.73771E-05   0.67638E-05
   0.32588E-05   0.25935E-05   0.17903E-05   0.16552E-05   0.12704E-05   0.10446E-05   0.92112E-06   0.87160E-06
   0.68980E-06   0.57585E-06   0.28877E-06   0.22216E-06   0.17933E-06   0.12587E-06   0.11200E-06   0.10875E-06
   0.84296E-07   0.79753E-07   0.71720E-07   0.40518E-07   0.30140E-07   0.21391E-07   0.19046E-07   0.17586E-07
   0.15965E-07   0.13003E-07   0.76290E-08   0.60390E-08   0.47795E-08   0.45727E-08   0.37202E-08   0.29040E-08
   0.26934E-08   0.20899E-08   0.12515E-08   0.10754E-08   0.72591E-09   0.71159E-09   0.64888E-09   0.56443E-09
   0.42952E-09   0.39014E-09   0.25420E-09   0.18444E-09   0.16447E-09   0.11969E-09   0.69608E-10   0.64733E-10
   0.55730E-10   0.44012E-10   0.38233E-10   0.31557E-10   0.23579E-10   0.23408E-10   0.17798E-10   0.13391E-10
   0.11776E-10   0.94640E-11   0.71655E-11   0.45183E-11   0.24401E-11   0.22772E-11   0.17647E-11   0.12377E-11
   0.10153E-11   0.79882E-12   0.49872E-12   0.47654E-12   0.38927E-12   0.31579E-12   0.16595E-12   0.13291E-12
   0.97812E-13
 in scattering_combine, iout = 
         54        790        246        668        534        151        700        604        956        566
 in scattering_combine, iin = 
        669        452        842        943        676         39        911        964        667        461
        928         41        675        963         60        860        656        960        645        864
        988         33        476        451        918        681        933        655        955        863
        926        460        459        684        700        923        951         35        971        677
        852        450        975        856        685        939        641        670        897        671
        651        543        962        929        457         43        679        967        973        454
        455        835        925        957        692        657        900        912         44         36
        958        857        980        453        838        683        610        858        966        472
        678        861         52        930        673       1003        875        642        953
 iout = 
         54        790        246        668        534        151        700        604        956        566
 iin = 
        669        452        842        943        676         39        911        964        667        461
        928         41        675        963         60        860        656        960        645        864
        988         33        476        451        918        681        933        655        955        863
        926        460        459        684        700        923        951         35        971        677
        852        450        975        856        685        939        641        670        897        671
        651        543        962        929        457         43        679        967        973        454
        455        835        925        957        692        657        900        912         44         36
        958        857        980        453        838        683        610        858        966        472
        678        861         52        930        673       1003        875        642        953
